100,9.813504770886373,4.864650727776616,100,23.735456764915945,16.721422178136528,>
101,8.669547747034109,14.513335164990766,101,-21.531841357679472,12.580756972664503,>
102,22.9987870162094,10.688982762522778,102,-10.701469766848135,1.714653012415969,>
103,-34.056812442143006,6.141149240286281,103,-8.92401861762343,-8.69233540498518,>
104,12.082253089452777,5.064981400611955,104,8.541199914671331,-8.825193526868778,>
105,-21.438047026377063,3.6725992057119154,105,10.891847618601371,-0.7653386059966003,>
106,-4.996317577990215,-12.235015044248952,106,17.62132575395057,-0.9357562199253995,>
107,-7.158574053550336,6.813654271896457,107,-0.8033267520654244,-1.910652574645074,>
108,-7.627874457107044,2.50671204780881,108,5.243094798173405,-14.559159605182785,>
109,-15.125603248412736,7.314113162848465,109,5.569073830018456,-6.5311903456004226,>
110,11.71741871578564,24.723082723968876,110,-6.4427620417241895,16.60834422839371,>
111,2.7111693743927328,22.33909088735675,111,-16.127565208388653,-15.000160259888887,>
112,-16.471805990289514,21.374578785736123,112,-2.0747006359260585,-13.351726014031335,>
113,0.14023824987063316,9.6239591537793,113,16.282761163957325,-4.494979902252403,>
114,7.7781028562122945,-22.36487125455708,114,-8.442195571879084,-6.566246397045877,>
115,-18.105961736203323,6.573969229410064,115,-10.919541693989828,-20.532442680306733,>
116,-9.743166038232308,15.280148889116145,116,-19.837072995877698,-11.601337261363536,>
117,-13.890707089113272,-3.9256745395298367,117,8.311375185596734,-7.667828442942038,>
118,20.472610215779643,0.9464485155928755,118,-24.485865296213696,-12.716955116616173,>
119,-0.9510258761403622,-6.720638659377661,119,-2.4989770458361855,-11.210399010995266,>
120,-8.779653317812448,0.6148094000304206,120,4.178875916320208,-14.230205578404918,>
121,-0.2869755881376959,31.46982181846938,121,-0.41852072157486087,4.193683939218025,>
122,6.1977732737429445,-2.336320887547783,122,2.5008599510879903,25.31078797731139,>
123,-15.88556532804546,-26.725694312479927,123,-2.4750602622582143,-12.406494801807352,>
124,-4.204063740356702,10.015592763717091,124,21.073651536841115,12.023259130844055,>
125,-2.503589930123961,12.48412389065458,125,20.60968589900524,-26.462591938013766,>
126,-0.8671213344610403,-10.239906856077035,126,3.394835041823021,9.433141263125927,>
127,1.9461223767079177,6.530309167922846,127,12.985033538096094,-7.4446070720665825,>
128,-9.099514791460996,5.4150576906703165,128,32.68019468333542,-5.057455610872335,>
129,-7.399876328430619,-2.781070818297098,129,-4.804469986251052,14.253249118353823,>
130,-8.766898263517808,-9.245769803895602,130,-4.385170011667045,-2.042400884700033,>
131,14.279485051729068,-26.64678388482902,131,-1.4117117440059712,2.8246812105783667,>
132,13.893708084695298,2.5885644287552365,132,-8.390970401437572,11.668513010324832,>
133,-8.447077993568339,16.69613647078707,133,-6.9935804020621,-3.553983782504717,>
134,-9.197810848600653,-27.064369454896074,134,-9.323174737556318,-5.351882118126476,>
135,-13.970472819184927,-8.139899649540649,135,10.929757499260724,13.446197869436501,>
136,3.0242998103381393,-2.626042787305637,136,2.6665793308199577,3.9713675516461158,>
137,6.1882627247706345,0.6238348103737714,137,12.094931093171,11.522692325754198,>
138,-6.266302287091382,-5.845185155496395,138,20.20648228467856,-20.188379648087526,>
139,-12.212820408488124,-1.7663426882228688,139,1.3679028712107337,-12.648047976714645,>
140,-11.737405482969793,-2.233506847344253,140,6.966528890870498,-4.418723846837651,>
141,22.139794369241134,-12.84231859417264,141,-16.982469438302427,5.87387128398063,>
142,5.814955685807744,-7.816349908498884,142,-10.540799836915367,19.80078848109479,>
143,10.166007361988747,14.954861929002458,143,-8.654467893427752,-10.785487453603094,>
144,0.8942686825334238,12.189687206604942,144,-8.136016382546948,7.807645543712469,>
145,-24.778463732356602,6.754517434168696,145,11.362380271419354,13.098448793219964,>
146,5.496388883135888,12.484835490871953,146,-9.32414904991684,10.69832764184401,>
147,-7.756327705731414,10.764174370727538,147,11.87471230865391,2.6205311145541854,>
148,-2.0239044022892396,-5.9727760072755105,148,-17.64523800955179,-4.957790871587417,>
149,5.794649997970507,1.1278920460186055,149,-5.338035325979591,11.133519156803315,>
