150,-11.628343407874821,1070.9957734504837,23,-7.928952251993899,1051.225485494318,>
151,6.462465527944444,1052.345860776732,23,-7.928952251993899,1051.225485494318,<
152,-25.896305323173344,1080.8524787814463,23,-7.928952251993899,1051.225485494318,<
153,-18.906314028813615,1083.0830967415848,23,-7.928952251993899,1051.225485494318,<
154,-17.964028218954397,1082.6634652108644,23,-7.928952251993899,1051.225485494318,<
155,-13.49371640582132,1066.6219525336883,23,-7.928952251993899,1051.225485494318,>
156,-17.933292970826777,1074.9325375978694,23,-7.928952251993899,1051.225485494318,<
157,-21.041986168016475,1083.8370785412042,23,-7.928952251993899,1051.225485494318,<
158,10.419301475140788,1052.4977501902724,13,-3.1775970507291844,1042.3921454909218,>
159,-41.68663067852392,1107.9889925594032,6,-39.66662674483848,1105.2826929422392,>
160,-6.158673518342311,1048.7951801580712,13,-3.1775970507291844,1042.3921454909218,>
161,-12.810751616223419,1047.079521899777,13,-3.1775970507291844,1042.3921454909218,>
162,-5.52780680691644,1054.3121157016374,23,-7.928952251993899,1051.225485494318,>
163,4.199192367128276,1044.1546704858638,13,-3.1775970507291844,1042.3921454909218,>
164,-13.65742828965839,1047.9998188667898,13,-3.1775970507291844,1042.3921454909218,>
165,-13.617826768930636,1047.999427597964,13,-3.1775970507291844,1042.3921454909218,>
166,-2.698680449311192,1034.1902381187867,13,-3.1775970507291844,1042.3921454909218,>
167,-6.287164657874134,1045.7790863459356,13,-3.1775970507291844,1042.3921454909218,>
168,8.567210432801964,1092.1761743020327,23,-7.928952251993899,1051.225485494318,>
169,-8.961672297045205,1047.3760925610632,23,-7.928952251993899,1051.225485494318,>
170,-26.895611039695215,1105.6309406502771,6,-39.66662674483848,1105.2826929422392,>
171,-20.38541075670873,1050.226005634239,23,-7.928952251993899,1051.225485494318,>
172,-41.45797509322014,1117.5520270573097,6,-39.66662674483848,1105.2826929422392,>
173,-5.849348815011356,1048.564628282967,23,-7.928952251993899,1051.225485494318,>
174,5.069919677655728,1055.6344772563132,23,-7.928952251993899,1051.225485494318,>
175,-9.062726860735678,1062.7749723224042,23,-7.928952251993899,1051.225485494318,>
176,-2.3307126831132274,1046.9735406582295,13,-3.1775970507291844,1042.3921454909218,>
177,-26.266437297643776,1092.0911525018464,12,-30.429939426898027,1079.0515973883364,>
178,-6.608933558771808,1131.617900017107,23,-7.928952251993899,1051.225485494318,>
179,-10.642546539763382,1046.7132466119808,23,-7.928952251993899,1051.225485494318,>
180,-28.697000267263608,1089.9088359244913,23,-7.928952251993899,1051.225485494318,<
181,-28.422843948360335,1090.3788638642782,23,-7.928952251993899,1051.225485494318,<
182,-38.18097979626063,1223.2734315757682,4,-38.400067486604975,1223.220389398439,>
183,-53.35567516455526,1058.0783455664164,23,-7.928952251993899,1051.225485494318,>
184,-35.61777180348924,1076.6505681649355,12,-30.429939426898027,1079.0515973883364,>
185,-37.51616643088347,1105.888509538187,6,-39.66662674483848,1105.2826929422392,>
186,-34.93063567697907,1079.8120215733384,23,-7.928952251993899,1051.225485494318,>
187,-37.335751746104826,1073.4576624201861,23,-7.928952251993899,1051.225485494318,>
188,-32.05942943110824,1081.8510277675684,23,-7.928952251993899,1051.225485494318,>
189,-34.34226773283926,1058.063359643025,23,-7.928952251993899,1051.225485494318,>
190,-33.68536070897364,1133.6034470495918,19,-29.863630699174173,1155.328962580659,>
191,-34.249241683707965,1058.1929993475287,23,-7.928952251993899,1051.225485494318,>
192,-30.449607542238752,1077.062941537901,23,-7.928952251993899,1051.225485494318,>
193,-4.984922143083604,1083.1506737101338,23,-7.928952251993899,1051.225485494318,>
194,-18.635264395978894,1065.8669735303833,23,-7.928952251993899,1051.225485494318,>
195,-17.902522816114114,1035.5407417262147,23,-7.928952251993899,1051.225485494318,>
196,-2.3858301808912086,1036.6903059659244,23,-7.928952251993899,1051.225485494318,>
197,-19.147186918881353,1033.791076031804,23,-7.928952251993899,1051.225485494318,>
198,-5.231484806512843,1049.0302488097109,23,-7.928952251993899,1051.225485494318,<
199,-3.099058979718692,1042.5995452363172,23,-7.928952251993899,1051.225485494318,<
