60,-16.940326406620443,33.108272519893944,60,-45.93400114681572,43.06883637327701,>
61,-38.91277925577015,-33.28839528840035,61,-47.362008481286466,8.100469899363816,>
62,32.15392290148884,25.652656820602715,62,-48.03868734743446,-37.6610818086192,>
63,-45.487503870390356,27.83685487229377,63,17.136822850443423,-36.11263881903142,>
64,-43.44274194445461,24.10419520456344,64,49.42260927055031,-0.5133258877322078,>
65,25.1053778687492,20.885494467802346,65,-12.984764366410673,-30.328322458080947,>
66,18.678126321174204,27.858639624901116,66,30.830992222763598,-1.0726126609370112,>
67,5.782125727273524,30.604837951250374,67,-4.7128541162237525,-29.154735314659774,>
68,28.190599964000285,-11.735132965259254,68,-15.916809975169599,-11.720533925108612,>
69,-10.775375529192388,-43.804675224237144,69,-9.017905383370817,-41.4969066856429,>
70,-32.96562375035137,33.62487938720733,70,25.59155619237572,3.364443522877991,>
71,-47.119616135023534,36.31051939446479,71,-35.854752152226865,-5.556740867905319,>
72,14.414777443744242,-5.806196364574134,72,25.284069241024554,13.206977886147797,>
73,-16.037461324594915,-25.94288873951882,73,-29.1626034071669,36.166982841677964,>
74,-28.19724918808788,27.179891732521355,74,31.604332686401904,45.034852367825806,>
75,4.44984866771847,-38.00508517306298,75,-41.865043132565916,-38.12138985376805,>
76,-12.065131380222738,41.7445206316188,76,-3.488424955867231,9.278975171037018,>
77,-3.9133013924583793,7.136869546957314,77,-10.870030312798917,-4.514388251118362,>
78,-16.18667186703533,24.002192285843194,78,0.4806498298421502,24.573379498906434,>
79,25.383098260499537,-44.05096012633294,79,-32.0698989322409,31.59858335275203,>
80,-22.294048382900655,-37.97946635168046,80,-22.497964440844953,42.75522355455905,>
81,-31.38531760778278,19.35061526019126,81,-35.341357975266874,-39.468754339031875,>
82,10.146186337806284,-29.179703327827156,82,40.08183574769646,-26.135209458880126,>
83,36.822710768319666,-2.2860898403450847,83,40.45450857374817,-6.699555623345077,>
84,-31.06689543928951,17.3753583105281,84,4.241778911091387,11.145488661713898,>
85,0.8140681544318795,5.864364025183022,85,-27.527758269570768,-13.373849797062576,>
86,14.13140355143696,45.61272051651031,86,14.51921856496483,-43.956148880533874,>
87,16.16126431617886,-1.9194586900994182,87,-21.11799248959869,-32.06854115705937,>
88,3.0714055756106973,1.4125102432444692,88,-31.03286677505821,43.20953611750156,>
89,48.2024340191856,-6.905868533067405,89,43.8695969292894,-39.657409000210464,>
