0,-7.566324784420431,22.548704710789025,0,44.490158022381365,-49.84484787564725,>
1,-14.007523818872869,-47.47450042050332,1,29.529988975264132,11.616705846972764,>
2,-35.316672339104116,-30.596875282935798,2,-44.88087797071785,-1.2982996879145503,>
3,32.95035196933895,-24.04971260111779,3,46.61232403013855,-12.810903298668563,>
4,18.504272983409464,-1.504734787158668,4,-31.353411613963544,22.12055150885135,>
5,-39.39633385743946,9.582156059332192,5,25.922385067678988,2.956666541285813,>
6,23.33620844874531,-24.372871848754585,6,-11.015089391730726,-6.266761082224548,>
7,33.899928466416895,29.574670013971627,7,45.00533810351044,-41.78248893003911,>
8,45.88445632252842,-31.44615951459855,8,-26.43793278839439,20.064420741982758,>
9,27.552273706533015,-23.465481284074485,9,47.421974153257906,47.972850990481675,>
10,-24.8800361296162,-28.01634583156556,10,-41.67833828832954,-34.15811981540173,>
11,-48.9605383714661,-19.478483381681144,11,-32.25129076745361,-12.07296799402684,>
12,47.27930335793644,32.577946153469384,12,-17.277077375911176,-21.00347455125302,>
13,-26.39412300195545,-13.95139682572335,13,-43.42241564299911,39.48752481956035,>
14,-29.13532794918865,-26.04878160636872,14,14.740703464485705,15.662389737553895,>
15,49.26152958068997,-22.918157163076103,15,5.516265542246401,34.76492513436824,>
16,-48.356107785366476,21.67109784204513,16,-24.1345172515139,-34.82336874585599,>
17,41.78205414209515,2.0404250593855977,17,-27.81195619609207,1.5729536535218358,>
18,17.650411115027964,28.25833645183593,18,-33.896636008284986,-24.920466798357666,>
19,49.708710447885096,-1.2033357052132487,19,5.231835157610476,-11.571543919853866,>
20,44.18330101761967,-1.8131888238713145,20,-11.023924290202558,-23.88549621682614,>
21,31.34838326368481,19.675999996252358,21,-30.697819381020963,-10.448596882633865,>
22,-21.19274081196636,12.883523968048394,22,-23.479028581641614,7.228076201863587,>
23,29.773582355119288,-43.54300338309258,23,-29.930753796361387,-30.13510953169316,>
24,-33.64739210810512,-44.271398219279945,24,14.291029633022845,40.56990866083652,>
25,-2.1775575121864676,-34.62865639012307,25,-20.781177072785795,-10.004861163906753,>
26,-26.08470560517162,37.05529656726867,26,-33.64514613058418,6.492784363217652,>
27,23.098723427392542,-7.896144571714103,27,-40.54767319466919,31.271493923850358,>
28,15.856890962459147,19.149985280819237,28,0.2966726431623101,18.55261151213199,>
29,-47.02819006051868,-3.207528474740684,29,-10.513201146386564,20.72642643470317,>
