30,-21.19540513958782,41.25216987449676,30,12.216339469887316,-1.4915766892954707,>
31,19.57671178970486,-20.97174364607781,31,-10.945094912312925,-43.90446792822331,>
32,46.65122835431248,44.55447730142623,32,-48.27066713478416,1.3223779620602727,>
33,-35.185936256311834,2.8553993673995137,33,43.90493652317673,30.817531538195908,>
34,25.555238709785044,-2.797340485267341,34,46.966756344772875,40.15975866932422,>
35,-34.64987443294376,21.771215018816292,35,30.8008091757074,-40.96572946291417,>
36,-31.059301807545125,19.29559346754104,36,29.57533842418343,11.388973635621369,>
37,-42.38321797456592,3.726142761297524,37,42.522064060904086,0.5907197715714574,>
38,2.4973040679469705,7.885281112976372,38,-40.2825673809275,19.58155606407672,>
39,-37.18845711555332,-43.87625295203179,39,12.863867194391787,-13.965025055222213,>
40,49.18037860188633,-38.02315059583634,40,-48.92898255493492,2.5121641578152776,>
41,11.89754290971905,-49.17928266804665,41,41.637009591795504,41.61825675982982,>
42,-45.78913094010204,7.528550294227898,42,-4.170303582213819,-43.84141888003796,>
43,-29.396458133123815,49.12686806637794,43,19.667907268740237,14.294910919852555,>
44,10.075347707606852,22.45176073629409,44,-10.297301947139204,-40.298284846358,>
45,-35.576075478456914,26.805138704366982,45,-46.201398759149015,-3.2775918720290065,>
46,-18.47398818936199,-38.38901731651276,46,-43.08512413408607,0.525599461980164,>
47,3.618700639344752,-0.9284063009545207,47,-8.113242476247251,-47.738655912689865,>
48,30.580683634616435,-18.176156911067665,48,-24.793291627429426,-0.7826077518984675,>
49,8.213504985906184,45.59542250353843,49,47.80566713307053,39.97543950099498,>
50,41.522810445167124,-33.13890609424561,50,0.8342990884557366,34.567376715131104,>
51,32.99959732685238,35.49893957097083,51,26.444246084429324,39.63154007215053,>
52,45.90146450791508,-47.55338791292161,52,-6.430623470805585,-31.43103893380612,>
53,-7.466137572191656,-47.64241564553231,53,48.707035393454134,-23.30038349609822,>
54,47.5313430884853,-48.74260041397065,54,41.69929421041161,-28.581321495585144,>
55,-13.861189945600927,19.199921307154,55,-23.48579892423004,47.352764499373734,>
56,47.49276845250279,-22.076416644267738,56,-12.972969352267683,46.51618723291904,>
57,22.902574972249568,23.507639882154763,57,37.8015341470018,43.46720476169139,>
58,-30.86831213440746,-25.971584650687873,58,49.87118935678154,-44.53572954516858,>
59,46.67891694698483,42.21555453259498,59,-48.47954937722534,-22.377717006020248,>
