90,15.3490578988567,-42.392020556144416,90,44.154126406647265,-34.50467314105481,>
91,-2.9586629709228873,-0.9100510505959392,91,42.63642600271851,7.688892376609147,>
92,-22.174067213200033,38.98550507146865,92,20.164426625706255,-1.042868453077972,>
93,22.54735811147839,38.70593321043998,93,-33.60046425368637,-0.4971663234755397,>
94,-10.3707724949345,47.28458907920867,94,5.5978873977437615,27.85398338455707,>
95,-30.64449296798557,-25.966851296834648,95,47.39159217569977,-3.979989397339523,>
96,47.1517643192783,-13.802141579799354,96,-37.43001276161522,-30.35195942502469,>
97,-8.133581443689764,31.615784880705178,97,-16.139113693498075,-46.8208561418578,>
98,-30.948009504936635,-13.628934952430427,98,31.71182966325432,0.004586321301758289,>
99,-20.75364755000919,27.451156196184456,99,-34.928665845654905,47.62207914609462,>
100,21.253978298045695,30.403085914440453,100,-42.829856812022626,-22.207971173338592,>
101,-19.572806521318853,-8.010297897271812,101,-3.697523265145719,1.6937871696427464,>
102,41.94742499385029,-22.154077026061714,102,11.607281328178942,-29.91809870582074,>
103,29.10645140800625,-4.865012946538627,103,23.849480063654482,8.442363631911576,>
104,-33.41234715189785,-9.795296820811927,104,21.201222599484026,-22.851138073019683,>
105,-31.25273899640888,-28.75629949849099,105,-39.9768648436293,-43.38097076397389,>
106,-47.10439087357372,-44.06232151668519,106,-9.354429482482374,-42.529306071810424,>
107,-22.421617968939245,44.1256568999961,107,8.149858028627932,-44.321870314888656,>
108,5.857866094447672,15.456225839443505,108,28.14955359790474,-47.27169449906796,>
109,-6.405800743959844,-47.956204297952354,109,-12.42831030394882,-39.22286431770772,>
110,2.726621017791331,-13.87515279930085,110,-29.561974643729627,12.805729848332703,>
111,39.55472244415432,-27.285818639211357,111,-41.353703825734556,-2.2233570693060756,>
112,18.019696162082255,-12.73883047979325,112,7.75146430823952,20.79012517351657,>
113,47.985586361028254,48.306003329344094,113,47.746968478895724,-11.75962786655873,>
114,48.520538792945445,-34.8640552489087,114,8.845973969437182,17.971774679608643,>
115,-13.821949227713048,10.441576060838997,115,-27.73737737443298,-25.564831006340683,>
116,38.2782211760059,17.973049846477807,116,45.99328285548836,28.844086569733918,>
117,-18.810999556444585,5.196339008398354,117,-34.40220037009567,44.33100421447307,>
118,3.607440576888621,20.949486759491265,118,19.980744482018054,-13.896405952982605,>
119,44.84094514045864,18.098856625147164,119,2.172665507532656,-43.39902650099248,>
